<?xml version="1.0" encoding="UTF-8" standalone="no"?>
<!-- Created with Inkscape (http://www.inkscape.org/) -->

<svg
   version="1.1"
   id="svg679"
   width="378"
   height="378"
   viewBox="0 0 378 378"
   xml:space="preserve"
   xmlns="http://www.w3.org/2000/svg"
   xmlns:svg="http://www.w3.org/2000/svg"><defs
     id="defs683" /><g
     id="g685"><g
       id="g652"
       transform="matrix(0.58608049,0,0,0.58608049,-103.06924,-418.24531)"><path
         style="fill:#ffffff"
         d="m 438.82299,818.35757 c -43.1297,-43.13417 -59.7469,-60.37088 -59.7469,-61.97432 0,-1.42995 1.0139,-2.74555 2.8463,-3.6931 6.0243,-3.11528 35.8455,-12.57498 39.6488,-12.57718 3.9236,-0.002 4.6709,0.67331 41.75,37.74277 l 37.7549,37.74506 37.7549,-37.74506 c 43.4186,-43.40734 37.7208,-39.89915 55.6731,-34.27867 18.7176,5.86007 28.0192,9.98171 28.4121,12.58979 0.4921,3.2662 -118.0846,121.94381 -121.8401,121.94381 -1.9804,0 -15.0411,-12.53616 -62.2531,-59.7531 z"
         id="path725" /><path
         style="fill:#ffffff"
         d="m 399.32419,905.85878 c -81.2109,-81.21399 -98.2481,-98.71437 -98.2481,-100.91884 0,-2.10899 1.5247,-3.89351 7.2879,-8.52978 14.3305,-11.52829 23.2918,-17.29949 26.8621,-17.29949 3.0998,0 9.3122,5.96639 84.5977,81.2477 l 81.2523,81.2477 81.2523,-81.2477 c 73.0961,-73.09198 81.5668,-81.2477 84.3859,-81.2477 3.196,0 10.5102,4.73606 26.2541,17 5.9315,4.62046 7.0644,5.98006 7.0842,8.5019 0.021,2.65956 -11.1815,14.20645 -98.2284,101.25 -86.6676,86.66427 -98.6056,98.24813 -101.2519,98.24813 -2.6463,0 -14.5821,-11.58259 -101.2481,-98.25192 z"
         id="path717" /><path
         style="fill:#ffffff"
         d="m 718.32299,1097.8576 c -39.4969,-39.501 -60.2469,-60.9419 -60.2469,-62.2531 0,-1.3112 20.5813,-22.5792 59.7531,-61.74696 49.1949,-49.18977 60.2254,-59.74687 62.4259,-59.74687 2.4715,0 2.9813,0.79845 6.7673,10.6003 4.6779,12.11078 10.0537,29.64102 10.0537,32.78468 0,1.46275 -11.8413,13.96311 -38.0001,40.11508 l -38,37.99017 38,38.0097 c 30.3597,30.3674 38.0001,38.5284 38.0001,40.5897 0,3.0403 -5.729,21.5368 -10.7355,34.6604 -2.9184,7.65 -3.8956,9.25 -5.6497,9.25 -1.4713,0 -20.5772,-18.4581 -62.3679,-60.2531 z"
         id="path707" /><path
         style="fill:#ffffff"
         d="m 216.95689,1153.3607 c -4.2049,-9.7516 -11.8808,-34.259 -11.8808,-37.9324 0,-3.6764 1.303,-5.1112 37.7451,-41.5628 l 37.745,-37.7548 -37.745,-37.7549 c -37.0695,-37.07908 -37.7451,-37.82638 -37.7428,-41.75 0,-3.80337 9.4619,-33.62454 12.5772,-39.64883 0.9475,-1.83236 2.2631,-2.8463 3.6931,-2.8463 1.6034,0 18.8401,16.6172 61.9743,59.74687 47.2169,47.21206 59.7531,60.27266 59.7531,62.25316 0,3.4752 -118.3194,122 -121.7886,122 -1.7688,0 -2.7434,-1.069 -4.3306,-4.75 z"
         id="path705" /><path
         style="fill:#ffffff"
         d="m 630.32419,1136.8588 c -77.9308,-77.9338 -98.2481,-98.7689 -98.2481,-100.7519 0,-3.7043 196.3556,-200.01477 200.0019,-199.9559 1.8946,0.0306 3.9831,1.90281 8.6451,7.75 9.6603,12.11631 17.353,23.80268 17.353,26.36201 0,1.77162 -19.8782,22.22247 -81.5,83.84767 l -81.5,81.50452 81.5,81.4955 c 61.1227,61.1192 81.5,82.0749 81.5,83.8134 0,1.2749 -0.5239,3.2969 -1.1642,4.4934 -1.6472,3.0779 -10.2917,14.9818 -16.6609,22.9432 -4.6026,5.753 -5.8638,6.75 -8.5394,6.75 -2.8311,0 -12.7845,-9.6456 -101.3874,-98.2519 z"
         id="path703" /><path
         style="fill:#ffffff"
         d="m 260.57609,1227.4171 c -11.3139,-14.3979 -16.5,-22.4858 -16.5,-25.7325 0,-2.7339 8.8786,-11.9485 81.2477,-84.3216 l 81.2477,-81.2523 -81.2477,-81.25232 c -75.2813,-75.28556 -81.2477,-81.49795 -81.2477,-84.59773 0,-3.57024 5.7712,-12.53155 17.2995,-26.86205 4.64,-5.76789 6.4199,-7.28793 8.5336,-7.28793 2.2095,0 19.6362,16.96614 100.9188,98.25189 86.6643,86.66764 98.2481,98.60564 98.2481,101.25194 0,2.6463 -11.5826,14.5821 -98.2519,101.2481 -87.072,87.0686 -98.593,98.2448 -101.25,98.219 -2.5315,-0.024 -3.932,-1.2174 -8.9981,-7.6645 z"
         id="path701" /><path
         style="fill:#ffffff"
         d="m 322.77779,1286.206 c -17.4468,-12.6366 -21.6846,-16.3672 -21.6935,-19.0972 -0.012,-3.6673 196.3164,-199.9981 199.9956,-199.9981 1.9831,0 22.8149,20.3156 100.7481,98.2519 88.869,88.8724 98.2481,98.5535 98.2481,101.4114 0,2.7798 -1.0515,3.9884 -8.75,10.0565 -14.7037,11.5898 -21.8866,16.2802 -24.9315,16.2802 -2.4077,0 -14.8132,-11.9908 -84.3185,-81.5 l -81.4954,-81.5001 -81.5046,81.5001 c -66.691,66.6873 -81.9826,81.5 -84.135,81.5 -1.6661,0 -6.125,-2.5312 -12.1633,-6.9047 z"
         id="path699" /><path
         style="fill:#ffffff"
         d="m 409.57609,1328.9791 c -5.5,-1.6596 -14.6125,-4.8181 -20.25,-7.0188 -9.4513,-3.6895 -10.25,-4.2099 -10.25,-6.6786 0,-2.2066 10.5054,-13.1816 59.7531,-62.4242 39.1666,-39.1625 60.4422,-59.7468 61.7531,-59.7468 2.8635,0 122.4938,119.7544 122.4938,122.6209 0,1.7463 -1.6117,2.7297 -9.25,5.6436 -13.14,5.0128 -31.6214,10.7355 -34.6701,10.7355 -2.0744,0 -10.1493,-7.5615 -40.58,-38.0001 l -37.9902,-38.0001 -38.0096,38.0001 c -30.1827,30.175 -38.5235,37.9883 -40.5049,37.9431 -1.3724,-0.031 -6.9952,-1.4149 -12.4952,-3.0746 z"
         id="path697" /></g></g></svg>
